Teff = 4372, 100
feh = 0.128, 0.065
logg = 4.725, 0.1
 
B = 13.267, 0.017
V = 11.828, 0.034
g = 13.0488, 0.00153701
r = 11.6073, 0.000886189
i = 11.1392, 0.00101585
z = 12.7439, 0.00927588
J = 9.624, 0.022
H = 8.995, 0.021
K = 8.858, 0.018
TESS = 10.7314