Teff = 4348, 100
feh = -0.633, 0.08
logg = 4.733, 0.1
 
B = 11.426, 0.01
V = 10.25, 0.03
J = 7.844, 0.021
H = 7.255, 0.02
K = 7.104, 0.017
g = 11.0416, 0.000893835
r = 13.3739, 0.0102557
i = 9.294231, 0.000656244
z = 10.0518, 0.00269902
TESS = 8.962