Teff = 5070, 116.935
feh = 0.273342, 0.1
logg = 4.53327, 0.0840344
 
B = 14.065, 0.047
V = 13.085, 0.114
J = 11.489, 0.023
H = 11.018, 0.023
K = 10.958, 0.026
TESS = 12.3181