Teff = 5175, 50
feh = 0.285, 0.08
logg = 4.63, 0.1 
 
B = 12.873, 0.399 
V = 12.178, 0.028
g = 14.9806, 0.0116585
r = 11.9848, 0.000804989
i = 11.7529, 0.000657584
z = 11.8545, 0.00354606
J = 10.582, 0.021
H = 10.175, 0.018
K = 10.055, 0.019
TESS = 11.3719