Teff = 4180.44, 123.969
feh = 0.137, 0.11
logg = 4.42003, 0.10979 
 
B = 15.533, 0.061
V = 13.711, 0.08
J = 11.504, 0.021
H = 10.919, 0.017
K = 10.765, 0.018
TESS = 12.5764