Teff = 3815, 157
logg = 4.69775, 0.00975382
 
B = 13.02, 0.006 
V = 11.58, 0.1
g = 12.6586, 0.00134045
r = 11.0055, 0.000664894
i = 10.2729, 0.00102854
z = 10.7555, 0.00328007
J = 8.649, 0.026
H = 8.002, 0.021
K = 7.805, 0.024
TESS = 9.85623