Teff = 5243, 126.315
logg = 4.59327, 0.0871607 
 
B = 11.864, 0.2
V = 11.251, 0.014
J = 9.634, 0.023
H = 9.176, 0.022
K = 9.139, 0.021
TESS = 10.339