Teff = 4740, 124.523
feh = 0.76, 0.0908891
logg = 4.49188, 0.0950631
 
B = 14.683, 0.045
V = 13.399, 0.103
J = 11.638, 0.022
H = 11.168, 0.022
K = 11.071, 0.019
TESS = 12.5509