Teff = 3765, 65
feh = -0.71, 0.625
logg = 4.69906, 0.009602
 
B = 15.0994, 0.01
V = 13.576, 0.026
J = 10.36, 0.026
H = 9.698, 0.022
K = 9.507, 0.024
TESS = 11.6739