Teff = 4953.89, 107.594
feh = 0.0371026, 0.039434
logg = 4.59095, 0.0807009 
 
B = 11.145, 0.061
V = 10.217, 0.005
J = 8.531, 0.024
H = 8.066, 0.029
K = 7.999, 0.029
TESS = 9.36