Teff = 4195, 124.8
logg = 4.59888, 0.106536 
 
B = 11.942, 0.137
V = 10.772, 0.015
J = 8.35, 0.023
H = 7.741, 0.034
K = 7.574, 0.026
TESS = 9.3951