Teff = 4935, 132.299
#feh = 
logg = 4.59823, 0.0917702 
 
B = 13.667, 0.032
V = 12.776, 0.057
J = 11.051, 0.024
H = 10.602, 0.025
K = 10.481, 0.021
TESS = 11.9205