Teff = 3876, 157
logg = 4.62394, 0.011413
 
B = 14.626, 0.291
V = 12.889, 0.092
J = 10.13, 0.023
H = 9.458, 0.031
K = 9.255, 0.021
TESS = 11.3266