Teff = 4969, 128.94
feh = -0.1330, 0.1
logg = 4.62222, 0.0885404 
 
B = 11.344, 0.078
V = 10.452, 0.006
J = 8.842, 0.022
H = 8.384, 0.042
K = 8.273, 0.02
TESS = 9.6181